   8.2616997326498437E-002
   9.8297277437141894E-002
  0.10180875521466923     
  0.10800669362634921     
  0.11543040573987787     
  0.13404967641999677     
  0.14462248434699029     
  0.13830978186992599     
  0.12910068789985643     
  0.12437030928320508     
  0.10940031638514963     
  0.10516307683707203     
   9.8903119834777148E-002
  0.10710044802680033     
  0.10542500058693989     
  0.11035710076336749     
  0.11116375129914841     
  0.10914335531267538     
  0.10763900254720601     
  0.10417310036901226     
  0.10813767732125147     
  0.12726206591323536     
  0.11327138195647961     
  0.11902527403195476     
  0.12717234825410678     
  0.12599430489297259     
  0.11146053488426405     
  0.10684385209204149     
   8.0966274677662903E-002
   9.2322470506460627E-002
   9.9838901442422801E-002
  0.11976269708678075     
  0.11474515374555030     
  0.12379484750050768     
  0.13804160204073473     
  0.12370118199751869     
  0.13359839546774754     
  0.11762067187648047     
  0.11933839250009239     
  0.10746520233448885     
  0.11411997979207472     
  0.11639857534909043     
  0.11140473941681749     
   9.1077701005114864E-002
   9.0312497762833871E-002
   9.3818271338698661E-002
   8.1051727683177158E-002
  0.10132825285444402     
  0.10342052344472152     
  0.12322034906607499     
  0.11406382529354391     
  0.12497656132153794     
  0.13439988317117940     
  0.13061293961019163     
  0.12188847012339533     
  0.12684935398468675     
  0.12414021404985802     
  0.10295070614124147     
  0.11085406934160996     
  0.11938621595899403     
  0.13280450108684072     
  0.13939289418768475     
  0.12846013421104424     
  0.10354650407755954     
  0.11608151519963705     
   9.3793321552492759E-002
   8.4104096616119478E-002
   9.4979505033033873E-002
   9.0473058804649981E-002
   8.6290859767336081E-002
   9.6915106234752427E-002
   9.6711729800017465E-002
   8.6524714586116255E-002
  0.10128308975816185     
   9.7565472874799331E-002
   8.4133312289758622E-002
   7.8692341509786171E-002
   8.3362067994581984E-002
   8.6976552386461639E-002
   9.8546143498561431E-002
   9.4394360473647687E-002
  0.10425758499414370     
  0.11676679535296838     
   9.8734344947436048E-002
   8.1834690850312752E-002
   9.3711077830860440E-002
   9.7849064810750175E-002
   9.3402724617168489E-002
   8.7964828126317979E-002
   8.2280411087289160E-002
   8.3133600214178593E-002
   8.6592576413007660E-002
   8.1510157123251686E-002
  0.10551614828729594     
  0.11099262371224881     
  0.11275560219840522     
  0.12865943399934776     
  0.13934186869863641     
  0.15135396739456053     
  0.14082562497612033     
  0.11608205119589782     
  0.10617177125511254     
  0.10594219804795700     
  0.10063783993534740     
   8.7552454461399726E-002
   8.5249705594536540E-002
   7.7053350828478154E-002
   7.6249914201985125E-002
   7.8645002970189920E-002
   6.9026924601571171E-002
   6.1172801476420152E-002
   5.4721102143072561E-002
   6.5513005537876340E-002
   8.7012974565920095E-002
   9.3757386182126368E-002
   9.2218121721513169E-002
   9.0795470450033305E-002
   9.4352540973135710E-002
  0.10064216473585030     
  0.12265053687641184     
  0.11599791163611438     
  0.10598112444138494     
  0.12641434694420325     
  0.10188645315104519     
  0.10391309092122639     
  0.10009625276331917     
   9.0633118590418116E-002
   8.4674879066226574E-002
   7.9192591890847305E-002
   8.6289446350631099E-002
   7.5631612876825183E-002
   8.5881928058359674E-002
  0.11154743463025739     
  0.12712885052443515     
  0.11910153877955895     
  0.13509938612510064     
  0.14033574810097169     
  0.13599031989240881     
  0.15533133435481464     
  0.15518307831000056     
  0.15308801250686024     
  0.14066253759095787     
  0.13916003491889239     
  0.12325048582076020     
  0.11555623599273485     
  0.12988680234966585     
  0.13696033846047501     
  0.12696350223686043     
  0.11719233510157381     
  0.11225989510467858     
  0.12311482675313859     
  0.12735812263121210     
  0.10575277146733054     
   9.8280576187304361E-002
  0.11189167832542929     
  0.10568565931164815     
  0.10883839180100136     
   8.6546125363706788E-002
   9.2102022525779870E-002
   9.8177320026785336E-002
   9.3679237858105974E-002
   9.7432292981605217E-002
  0.12489350566261587     
  0.11162397816871195     
  0.11837754478184070     
  0.12211420663444870     
  0.11297396422185044     
  0.10120911515755250     
   8.8298169747561397E-002
  0.10055879682983183     
   9.9949138591884687E-002
   9.5790420099582441E-002
  0.10152934862756918     
  0.11522881458859462     
  0.10567071867810646     
   9.9473870335997597E-002
   9.9185021005681412E-002
   8.2616641124338530E-002
   9.3594333617724984E-002
  0.10001866364927003     
  0.10617113574298462     
  0.10502047901334202     
   9.6236778772969225E-002
   9.9523249547595671E-002
  0.10619648087904263     
  0.12299389088162276     
  0.14420352400182590     
  0.13503027953670027     
  0.12475085118220652     
  0.13867783039173809     
  0.10616967586225685     
   9.5376747294116104E-002
  0.10595174248821401     
  0.12115490650700408     
  0.12870742119354067     
  0.12689630940348451     
  0.12445104334878163     
  0.10792749125507865     
  0.10582465200341024     
   8.9830565591918154E-002
   7.5002861786760078E-002
   8.3481487909611796E-002
   9.0238289070386807E-002
  0.10259000138908360     
   7.6723058348197010E-002
   7.8325251978148810E-002
  0.10529472055782292     
  0.10412085804804611     
   9.2349779578989974E-002
   9.3431848343916823E-002
   9.8190473616846602E-002
   9.5568566374053643E-002
  0.13534480385319803     
  0.11516608426538438     
  0.12093311333816095     
  0.11494606743316232     
  0.11941376633923777     
  0.11299706232298924     
  0.11845275656001727     
  0.14552651292705271     
  0.12097272675109508     
  0.11762037750964942     
  0.12774826406501291     
  0.12112890569400755     
  0.11684382200957612     
  0.10957888490669891     
  0.11122952918803514     
  0.10583198767615670     
  0.10804226961055718     
  0.10451019528868681     
  0.10711640206560344     
   9.6351166795085944E-002
   8.4846974675073322E-002
   8.5249045066458473E-002
   8.0722986762096161E-002
   9.0396198402520472E-002
  0.10393796053963941     
  0.12052218476109314     
   9.9477808731030487E-002
   9.7470484582571501E-002
  0.10056401045081223     
   9.9461582268342397E-002
  0.10614461270890826     
   9.6125469986973744E-002
  0.11092005283412035     
  0.11889683347938274     
   9.4630554656950305E-002
   9.6505883783016250E-002
  0.10193231488516134     
  0.11266164439809888     
   9.9963473780633583E-002
   9.6207640769160802E-002
   8.4862398197563804E-002
   7.0926414273263724E-002
   8.9836803771891044E-002
   7.8466839256428861E-002
  0.10655582820461464     
  0.11004397056872957     
  0.12020559852330137     
  0.11779647425763745     
  0.10754930466578298     
  0.11810685748857189     
  0.11441184271396659     
   9.9815828277545177E-002
   9.7421741045810709E-002
   9.6017471833139148E-002
   9.7649801246892320E-002
  0.10614549545939465     
   9.9854689528644541E-002
  0.10554312647454253     
   9.8127610887762104E-002
   8.8486448901640757E-002
  0.10168500625468718     
   9.5264278722735352E-002
   8.4776677378061160E-002
   9.5636426998614021E-002
  0.11714159153690039     
  0.10819226338933144     
   9.0896846492426492E-002
   7.8813414903616819E-002
   8.1676863317954679E-002
   7.5392528762964747E-002
   7.6021797429357107E-002
   8.0761722915672574E-002
   5.7766375284128146E-002
   6.1798333726971785E-002
   9.1318749926561804E-002
   9.2810191741001913E-002
   8.4203967062025084E-002
   8.1467557915683053E-002
   7.9457109477563931E-002
   9.0105266797610550E-002
   9.3787810355821150E-002
   9.6145069911489106E-002
   9.9268392731713284E-002
   9.4635306582696033E-002
  0.11056969573720585     
  0.10847197669383488     
  0.10860685735551837     
  0.10722131376339708     
  0.10251275178564626     
   9.1339284178714897E-002
   8.9150349914715432E-002
   8.8415828278905761E-002
   8.4377799735497055E-002
   9.3593479912461169E-002
  0.10747963199061061     
  0.10668995790259653     
  0.12686194618037736     
  0.12182395092020942     
  0.11860025129230987     
  0.10193862144586652     
  0.11558137811543454     
  0.11660558711243672     
  0.11728355044483851     
  0.12775443647067089     
  0.10538998418398976     
   9.9997936722219127E-002
   8.9698451996292394E-002
  0.10368861640797271     
  0.11521686241925128     
  0.10180982561661048     
  0.12997212779869899     
  0.13151873617579776     
  0.12247432411995628     
  0.10176223613066340     
   9.3080956321689695E-002
  0.10940077198657755     
   9.9651182957942563E-002
   9.1084518187656241E-002
   9.0595090455348859E-002
  0.11507771360291325     
  0.11982862330223153     
  0.11801574610444288     
   9.5404597878674169E-002
  0.11519810770096815     
  0.10451145380294166     
  0.10657932586627364     
   9.0730767802107926E-002
   7.9294683363449511E-002
   8.0917858145673927E-002
   8.8606195163882018E-002
  0.10858680789933510     
  0.10537072577064949     
   8.6949028289373564E-002
   8.4747065353649620E-002
  0.10697712528168832     
   9.7542708958505198E-002
   9.6976221809903868E-002
   7.7321816249092817E-002
   8.3568994558433057E-002
   7.9117701291406967E-002
  0.10325595243957451     
  0.10138611216572539     
   8.9780572118493468E-002
  0.10248710969046795     
  0.10745613017814590     
  0.10987057508563874     
  0.11210056858165457     
  0.10878736389216728     
  0.11550769270252932     
  0.12580676405292185     
  0.10853822514863959     
  0.11482389576606390     
  0.12323983515174511     
  0.10454227964934829     
   9.7410074031759483E-002
  0.10887472935119547     
   9.8327896667108589E-002
  0.10541987200360703     
   9.6766527945295097E-002
  0.11667174193261903     
   9.5377408794354288E-002
   9.9359263609356374E-002
  0.10706290231679873     
  0.10237685165297307     
  0.10609331159416627     
  0.10737670152605661     
   8.6143163768254122E-002
   8.3253282573396800E-002
   8.0679920441171116E-002
  0.10197722723960770     
   9.4832847503318801E-002
   9.6980269710412847E-002
   9.5032465148808615E-002
   8.7257204093142693E-002
   7.7384699306795118E-002
   7.0856404067235979E-002
   8.6419570948759156E-002
   8.4728585334492915E-002
   8.1223227156845795E-002
   8.1894409491119868E-002
   8.9292312921889397E-002
  0.11444664413144874     
  0.11805775656060777     
  0.10406532126994660     
  0.12055329371132893     
  0.10302101528848248     
   9.5330333954650903E-002
   8.4656474861214109E-002
   9.7974176558012924E-002
  0.10589632118500242     
  0.11714954265192770     
  0.11482795432501421     
  0.10759596219183692     
   9.6946999489092356E-002
  0.10692319317931125     
  0.10397909499415356     
  0.11217752629613410     
  0.11729352912950895     
  0.11647419442243294     
  0.11707164105958201     
  0.10518664670770804     
  0.10105567016038744     
  0.11132744737406003     
  0.10369098660075654     
   9.9468819501678657E-002
   9.2745119484633709E-002
   8.0406220279671203E-002
   9.1068792358813933E-002
   7.1433802199887306E-002
   7.0442800490348428E-002
   8.0484490265457273E-002
   9.9533910378083401E-002
  0.11730993533365897     
  0.13184894942320463     
  0.13894413455287830     
  0.12470248723080790     
  0.13824547827900296     
  0.12619025620309912     
  0.10426919597059528     
   9.5029207806901703E-002
   9.4648350500492098E-002
   8.4500247483281471E-002
   9.4715235024219441E-002
   9.7935850953736345E-002
   8.8125686889453353E-002
  0.11355866570126874     
  0.11091763576837396     
  0.10633149065112962     
   9.4390277677959641E-002
  0.10677395587559543     
  0.10199013276449988     
  0.11287944857526047     
  0.11042249560609349     
  0.10173029906727907     
   8.2342843631696028E-002
   8.6644602432327050E-002
   9.9845020716655977E-002
  0.12495359972638834     
  0.10938642365893902     
  0.10462979702994840     
   9.1859923697467635E-002
   9.0320225971522089E-002
   8.7529062599020241E-002
   9.0676241657497131E-002
  0.10096875079064513     
  0.10213138207346265     
  0.11141592981812057     
  0.13095166697750954     
  0.11451777786141887     
  0.11131388564290254     
   9.4047611343522144E-002
  0.10202334979838229     
   9.7360462277991888E-002
  0.10476546801810518     
   7.4020606291270885E-002
   8.9648585377934964E-002
   9.2062462025990388E-002
   9.9801261863784768E-002
   8.6943043876334031E-002
   9.5767216032143818E-002
   8.2932113965198978E-002
   9.0031998434024429E-002
   8.9956106300922239E-002
   9.6121385157970612E-002
   9.5900879907850178E-002
   9.7358297005381275E-002
  0.11752140352553478     
  0.12121872863911286     
  0.10991283332945460     
  0.10500175298959988     
  0.10292013957508031     
  0.11395111097249500     
  0.11983723202715885     
  0.11800243700467353     
  0.11565514911732423     
  0.10302102606905181     
  0.11855868197096370     
   9.9053965364381907E-002
  0.10547774462582497     
  0.10018651017642022     
  0.10015715866979499     
   9.9292823725038504E-002
   9.4841660598540004E-002
   8.6093843899400252E-002
   8.5402236553008146E-002
   9.0712988643168915E-002
   9.3049468624549686E-002
   8.3746050826976892E-002
   9.2551163584543933E-002
  0.10643654862967500     
  0.10818171997245361     
  0.10276180490786252     
  0.12889053230197164     
  0.11418837836840545     
  0.10227369993315891     
   9.9578975710730072E-002
   8.9884573087150643E-002
   9.1994295555319169E-002
  0.10051451335794506     
  0.10856545915212339     
  0.11206012552616970     
  0.10635975650836571     
  0.10759786265325134     
  0.10628185070822219     
  0.12390632210519914     
  0.12321735261005315     
  0.13973315894273849     
  0.13794380126760974     
  0.13615034438505835     
  0.13394069323085533     
  0.11687060126529994     
  0.11335376913896586     
   9.5535217367761410E-002
   9.2429682072373537E-002
  0.10523416589491055     
   9.8164052193610962E-002
  0.11836313828963441     
  0.11078305977617137     
   9.1858229572483574E-002
   9.3734154397467268E-002
  0.10541291692320209     
  0.10494526464853618     
  0.13174702396943483     
  0.12485852661340043     
  0.12568988428205458     
  0.13706499848174000     
  0.13187436217351586     
  0.13854142634986427     
  0.13616468344385377     
  0.13621588919702265     
  0.12336753551866506     
  0.11526634063529569     
  0.10553446434951315     
   9.0922396212155324E-002
   8.3737300872530257E-002
   7.2909740830319009E-002
   9.0600430980059848E-002
  0.10142049484362417     
   9.0697968287959924E-002
  0.10980190088914245     
   9.5442942717752610E-002
   8.6002654073035811E-002
   8.2161362493649276E-002
   8.1034790269945617E-002
   9.0930017622487924E-002
   8.5975751870100661E-002
   6.3604642911676348E-002
   6.6434603895051916E-002
   7.4328647434286674E-002
   8.7191182415817220E-002
   9.3122948580875664E-002
   9.2292925193356495E-002
   8.8364531568118410E-002
   9.0369147523654575E-002
  0.10290677877093052     
   9.6825572042145230E-002
  0.12285265212191122     
  0.11076500012471788     
  0.11303454342182107     
  0.10249324935557570     
   9.6855346371785195E-002
   9.8738397778537323E-002
   9.8953957426286390E-002
   8.9193527598411426E-002
   9.4149846902733869E-002
  0.11545728428259033     
  0.11068498805903147     
   9.7643025571371028E-002
   9.1283590563428219E-002
   7.1741861234019946E-002
   8.8186330038093563E-002
  0.10261613755431795     
  0.11097114062310215     
  0.11243344532985219     
   9.8153825476419293E-002
  0.12215482335043480     
  0.11811989820243193     
  0.10945660819604125     
   9.7845888318155799E-002
   8.9480158188831038E-002
  0.10008095357232899     
  0.11946846237597247     
  0.10903754807271862     
  0.11797283225740540     
  0.11303628073412859     
  0.12234966947988926     
  0.10952801949450362     
  0.12481756843377526     
  0.10408917073164720     
  0.10636651760011352     
   9.8234976877623587E-002
   8.7256647284089231E-002
  0.11129873523164706     
  0.10864415913270087     
  0.11104008325289186     
   8.9349348667185205E-002
  0.11827543093724315     
  0.10560202710167640     
  0.12055522331020571     
  0.12662645718342924     
  0.13771349247515810     
  0.11247927329428799     
  0.11240174585888485     
   9.7762059510733967E-002
  0.10616117282423118     
   9.9151634802133487E-002
  0.11001255576350602     
  0.13814185497775844     
  0.10964125712887288     
  0.11653389942723898     
  0.11296384223164621     
  0.11767562862240052     
  0.11475821192673011     
  0.14319299842263200     
  0.13737777396307849     
  0.13097663957969316     
  0.12586947953412297     
  0.11689567170319853     
  0.11592991405990112     
  0.11546285244707585     
  0.10953495959383883     
   9.1676582734813328E-002
  0.10762598593497286     
  0.10021235918260490     
  0.10371248238269509     
  0.10864382831923994     
   9.0184871020957014E-002
  0.10563606689862554     
   9.8926521421909330E-002
  0.10723550624374481     
  0.11435179968432849     
  0.10933956217237181     
  0.11342606342492717     
   9.0423764438239754E-002
  0.10176638111161880     
   7.8343299478403267E-002
   9.2912700427245976E-002
   9.1792652431714805E-002
   7.6249808741682523E-002
   7.4827242942189648E-002
   8.9191611115944716E-002
  0.10814350757252963     
  0.10247047420473590     
  0.11087768262738674     
  0.11143368735585951     
  0.12487179377948984     
  0.11643567281255007     
  0.10480543413480943     
  0.12119339214178201     
  0.12155338007333874     
  0.11015079581491219     
   7.6503709679370591E-002
  0.10218509992756980     
  0.11670741864597314     
  0.12335499446614587     
  0.14338582313404974     
  0.13182491181720357     
  0.12058869294131414     
  0.12932099257362156     
  0.10995340260118845     
   9.2137444737893939E-002
   6.8886663569655893E-002
   5.9052447774887461E-002
   6.9911787138122336E-002
   8.0411525257826411E-002
   7.8938230258037922E-002
   8.0592300444584236E-002
   8.0376318758991344E-002
  0.10374326723332090     
  0.10100165609303577     
  0.10280895241559486     
   9.2597658151176668E-002
   8.9616009055456802E-002
   9.0259725708894678E-002
   6.5812791760265277E-002
   6.1288421064877689E-002
   7.0571005697116884E-002
   9.2678501665581420E-002
   8.9853030244880269E-002
   9.3952080529892207E-002
   9.2633433826211350E-002
  0.10185350807649260     
  0.10609593685802950     
   9.7661656324756430E-002
   9.8001779777484463E-002
   9.6401304836646523E-002
   8.1465500729031526E-002
   7.3637915939038845E-002
   7.0071239232316604E-002
   7.5712055251137389E-002
   9.2189671801312212E-002
  0.11358453176218639     
  0.10943133718450110     
   9.3222486692099357E-002
   7.5935396911941094E-002
   8.4316187043287971E-002
   9.4841799937714938E-002
   7.5399155762351872E-002
   8.4724808779594041E-002
   7.9946022255266036E-002
   8.0336611119460083E-002
   9.2738773650564293E-002
   9.0809174899483369E-002
   8.5829604797628203E-002
   9.8702476481905249E-002
   9.4726179683704892E-002
  0.10176968222691077     
  0.12116049476467607     
  0.12545810997522333     
  0.11564045105120013     
  0.10795192762412006     
   9.2699786978870366E-002
   7.7433534363294365E-002
   8.8556958883362555E-002
   9.5958737899888805E-002
   9.7561929392898067E-002
  0.10167557458339015     
   9.2045163827734311E-002
  0.11488515042599648     
   9.7950710473642011E-002
  0.11431972005514249     
   9.5904746066662092E-002
   9.4155839630052668E-002
   8.6635998527195918E-002
  0.10218285544570055     
  0.13438586586403312     
  0.12783990223114944     
  0.11871193273422995     
  0.11852185624665859     
  0.13003519103122163     
  0.11061970107089922     
  0.10115958817618684     
   9.2858984880414830E-002
   9.5146727684173732E-002
   9.6093938073904581E-002
   8.8365815696384215E-002
   9.2387955920775588E-002
   9.9645235275710994E-002
  0.10179205935391807     
   9.6874243084062117E-002
  0.11209987056355702     
   9.6450511165258102E-002
  0.11537939905435043     
  0.11671879475120230     
  0.11086693922629645     
   9.3275662516568020E-002
   9.9630269888530631E-002
  0.11399509246721296     
   9.9595469772331066E-002
  0.11678891553576114     
  0.11043548041300449     
  0.11977693375231938     
  0.11500316937079913     
  0.10300558289542752     
  0.11208271250206758     
  0.13130649740650702     
  0.12628582018102885     
  0.12438330165856093     
  0.12379518746164701     
  0.12653928920032184     
  0.13457161857650199     
  0.14081950914917218     
  0.13799858280016086     
  0.12727993917200142     
  0.12248079750039281     
  0.11578391954305400     
  0.13140146316585438     
  0.12525672645682362     
  0.10719895461899606     
  0.10110381046409850     
   9.9232451873985050E-002
   8.6270267965578656E-002
   8.5579507801280985E-002
   9.2246576845361361E-002
  0.10684093892873239     
  0.11256436025584698     
  0.12289660109959459     
  0.12317699849129010     
  0.11340692969499647     
  0.12266769144173861     
   9.5605080079169721E-002
   9.8042681154016514E-002
   8.7907560244879196E-002
   8.3908241954436802E-002
   8.7886029923247538E-002
   9.6921252768231839E-002
   8.1310990183467977E-002
   8.5810064725201557E-002
  0.10104112744258714     
   9.6372758893247368E-002
  0.10287381293051889     
  0.10428708010487965     
   9.9719744184382980E-002
  0.10424067322496315     
  0.10057408899183870     
   9.4983194809630855E-002
   9.3493411289458775E-002
  0.12071802427800414     
  0.12374116917422981     
  0.12115621482132055     
  0.10830918615985397     
  0.11320752697630003     
  0.12821435183303817     
  0.13085396641373326     
  0.12828371654152132     
  0.10021948363626140     
   9.6045339987080536E-002
   9.5362253567640248E-002
   8.4885888311800217E-002
   7.1302346630157970E-002
   8.5430730643282701E-002
   7.4182352074896749E-002
   6.1389920368169697E-002
   8.2882281721905454E-002
   8.8313697645502454E-002
   9.0967825316483536E-002
   7.4319873876610765E-002
   7.4960365720051464E-002
   6.3327978354767778E-002
   7.8013162531298391E-002
   7.8349748260227586E-002
  0.10106295826156381     
   8.9661081082164529E-002
   8.9739853489420901E-002
   6.8592542034665652E-002
   7.4067254229038343E-002
   7.5345735096676469E-002
   8.8418712925695836E-002
   8.0115147890764946E-002
   8.3239715034368333E-002
   7.0120747068017464E-002
   7.3380818671756415E-002
   6.6772925066217473E-002
   9.2428846699211337E-002
   8.5465137774866029E-002
   8.2735128827127483E-002
  0.10284502210154223     
  0.11440614701808585     
  0.10773603810191014     
   9.2462878516195779E-002
   8.9618361797088431E-002
   7.8367011026605288E-002
   7.1810845546585289E-002
   7.7083755725841099E-002
   8.4736655579692691E-002
   9.4088404017787203E-002
   8.7373771529012170E-002
  0.10373205156487834     
   9.4439462810184879E-002
   9.1617486075492499E-002
   9.0731019853996508E-002
   9.3463702719362121E-002
   8.1842339361730854E-002
  0.10120190299174568     
  0.10781614371079901     
  0.10396074620649319     
  0.11808091613912275     
  0.11201645964550033     
  0.12315900668154905     
  0.12785614211205751     
  0.12240873386018991     
  0.12256649400936141     
  0.11968026411886927     
  0.10270260049681214     
  0.10574147891088904     
  0.11551361516680161     
  0.11021281113160937     
  0.12103095517771965     
  0.10996576274101474     
  0.10628621630254309     
   9.7647592600568128E-002
  0.11037944858933839     
  0.10902157793447544     
  0.11242214173584122     
   9.9192964488385216E-002
  0.11018320856631203     
  0.11768282223921395     
  0.12656875625223085     
  0.11685318280443804     
  0.11617375115270782     
  0.12440639505079416     
  0.12268218450943486     
  0.11514872119006135     
  0.11604047038475830     
  0.10463373629388152     
  0.10301860371733164     
  0.10543140993886613     
  0.11278228172201551     
  0.10236199410562427     
   8.7858674475284795E-002
   6.3297485674897819E-002
   6.7796509945434819E-002
   7.9226538427511747E-002
   8.5075716537457879E-002
  0.10625460285758810     
  0.10423974133810580     
  0.11432746363876890     
  0.11945846705119836     
  0.12198943108976926     
  0.12526925026166852     
  0.12358189695108859     
  0.11883876447371110     
  0.12939890020760059     
  0.11698341506104629     
  0.11223247486722232     
  0.11341405712416341     
  0.12176487484913547     
  0.12028027597357618     
  0.13302416627775895     
  0.11351034906784771     
  0.10701748118617654     
  0.13135959621426857     
  0.11431429442018898     
  0.10370453608991229     
  0.11706657597948286     
  0.10948710839292790     
   9.4684066811233120E-002
  0.10285021535764301     
   8.2830647044796701E-002
  0.10110048105312246     
   9.7132234394991912E-002
  0.10232039407803814     
   8.8149767126614237E-002
   7.6213020551683511E-002
   8.3177727492306924E-002
   8.7494105980335177E-002
   8.9561990690070037E-002
  0.10084877816722651     
   9.4115412609172153E-002
   8.6273714398833454E-002
   8.5351319036762963E-002
   8.9511006434382784E-002
   8.9246840814506789E-002
   9.2905704040758985E-002
   7.5000968786944067E-002
   8.1644606547615350E-002
   8.0633592064979803E-002
   9.6382040502078686E-002
   9.6018423281541795E-002
   9.6147061876856371E-002
  0.11027837388710146     
  0.11069974298401104     
  0.11382032507946213     
  0.10625564115973821     
  0.10812013803651808     
  0.11481233546378296     
  0.13234821640537053     
  0.12643317458223988     
  0.12861685295288161     
  0.12159033130857835     
  0.11213275580405216     
  0.10596708677202987     
  0.11683457417919810     
  0.11350411852390141     
  0.11257059389490766     
  0.12610596836235052     
  0.12395842810920729     
  0.12250197515822839     
  0.12363206587298359     
  0.11419579312941697     
  0.13116907670792630     
  0.12736160451665371     
  0.14618031713180743     
  0.15040459304577150     
  0.14186174496342516     
  0.14478307352761524     
  0.13675796316914751     
  0.12911753805024734     
  0.11525883525030786     
   8.9824554573517915E-002
   9.5185307486609375E-002
   8.7472455998700779E-002
  0.10048624721158075     
  0.11037325520008132     
  0.10577280454559057     
  0.11432026258513475     
  0.10836020776459157     
  0.10412129630361383     
  0.10268955200225824     
  0.11118791958602371     
  0.10376583045285293     
  0.11268390011534285     
  0.11253443170338526     
  0.10044144706253064     
   9.6764878586899195E-002
  0.10528239954665654     
  0.11162649526203552     
  0.12576847488367823     
  0.13774665648051265     
